111111111111111111111111111111111111111111111111111111111111111111111111111111111111111111111111111
111001001100111010101101010101100011111111100101001010010101110011111000001000000110001000010100101
110000001000000000000100010001000101000000000010100101101000000010100001000100010001000000101001011
100110100000000001000000000000001110110000000000000010010001001000010000010000001001000000100111101
101000000000000000100100000010110100000000000000000000100010000100010000010000000100100010100000011
100110010010110000010010000000000010001000000000001010000000000000001010100001000000100000000000001
110001000100001010100000000100000000000000000000000000000000000100001001000000000100000000000000011
101100100000001100000000110000000000000000010000001001100000000000100100000000000000000100000000001
111001000001000000000010100010000000000000000000110011001011000000000000000100000010000110000100111
110001000000100000000000101000000000000000000000100000000100000000000100000100000000000001000000011
100010000010000000000100000001000000000010100001000100000000000001100000000100000001000000000000001
100000000010000000000000000000001010001001000000000000000000000010010000010010000110000000100010001
110100001100000001000001000000000000100100001000000000000000000000000000001000000010000000000000011
110000100000100000000000001010000100010000010000000000000000010000100001000000000010000000110000011
111001000000001001000000000010001000000000000000000010000000000100000000000001000000000000000111011
100100100000000010001000000000000100000000000000100000000100000000001010100000010000010000000010001
110001010000011000000000000010010000000000000010011001010000011000000000100000000000011000000000111
100010000000100000000000000000001000001000100000000100101000000000000100010110000001000010000000011
101010000000000000000100000000100001010001000100000000000011000000100000000001101000000010001000001
111000000001000100000010000000000000000001001000000000000000100101000000000001000000000011000000011
101001000001010000100000000001001000100000000000000000000000000001000010100000000000010000010000001
110000000100000100010001000001100011000000010010000000000000000000000000010000000000100001000000011
110000000010000000010000000000001000000010000110100000001000100000000001001000000010000000010010001
110000000000100000000010000100000000001000010001011100000000000000000001000000000010000000000001011
110000001000000010000000000100010100000000010000000000100000000000000100001000001001000000010100011
100000010000000101101000101000000010101010000000000010000010100000010001000000010100010000010000011
100100000000101000000000010000000000000100000000000000000001011110000000000010000000000000001000111
110000100000000100000000101000000000000001100000000000000000000000011000000010000001000001000101101
100001000100010000000000000000010010000000000000000001000100000000001000000101000000100000000000101
100000000010000100000100000000000001000000000000010010100000000000001000000001100000101100100001011
100100000100100000000000000000000010000000100000000000011000000000000100000000000000001000000001011
100000000100010000000000000100000000001000101100000001000000000000001000000000011000000100000000111
100100000000100000000100000000000000000111000000001100000010000000000100000000001000000100000101001
100100000000000100011001000001000000000000010000000000000000011100100011100000100000010000000101001
100101000000000100100000000010000100001000000000000000000101000000000001000010000000000000100000011
110110000010000000001000000000010000000000000101100000100000000000000000110000000100000010000000101
100000000110000000100000001100100000000010000010000000010001000000100000000000000011000000100010001
101001000010000000001010000000001010000000000000000000000000000001000000000000000100000001000001001
110100000101000010000000010000000100000000000000000000000000000000010000000110000100000001000100011
100011000010000010000000010000000101000000000000000000000000000100000000011000000000100000000000111
100010000010000000000010000000000100010000000000000000000000000010110010000000000001000000100001001
110000000000000000100001000000000001100000000000000000000000000000001000010000000001000100110000011
101000000000100100000000000100000000000000000010000000000000000000000010000001000010000001000000001
100100000000000010000001000000000000100000000000000000000100000000000000001100000000000000010000011
100000000010000101000000000100001000000000000000000000000000000000010000000001000000010000000000001
100000000010000000000100010000001000000000000000000000000000000000000001001001000000000000100001011
111010000100000000100010000000000000000000000010000000100000000000001000000000000010000000001100011
101000110000000000000000010000010000000000000000000000000000000000001000000000100000100001000000001
100000000000000100000000000000001000100000000000000000000000100000000100000000100100000001000001001
100000010000000010000001000000000000001000000000000000000000000000000001000000101000000000100001001
101001000001000010000001000000000000010000000000000000000000000000000100000100000001000001000000011
110000110000001000000010000000100000000000000000000000000000000000000001000010000000100100000000001
111000000000001000000010000000000000010000000000000000000000000000000101011000000000001000000000101
111000000000010000100000000010001000000000000000000000000000000010000000000100000000010000001010001
100100001000000000010000001000000000000000010000000000000000000000000001000000100100000000010001001
100000000000100101000000100000000100000001000000000000000000000000010000000001000001000000000000111
110000001000000000100000100100000110000000000000000000000000000000100000000001000100000000001000011
110000000100000010000000100000010000000000000000000000000000000000000010000000000000110000010000001
101110000100000100000001000000000000001000000000000000000000100000000000000001000010000000110000101
111000000000000000010000011001010000000000000000000000000000001000000000000010000100000100000000001
100101000000000000100000000000001100000000000000000000001000000000000000001000001001000000100010011
110000010100000000000001000000000111000000000000000000000000000000001000100000000000100000100000011
100100000010000010000000100010000001000010010000000000000000100000001010000000000001101000000000111
101000100000000001000100000000000000100000100000000000000000000001010000100000110000000000010001011
100000000010000010000000001000010000001000000000000000000000000010000000001000010000010001000000001
101000000000001000010000000000100001001100001000000000000000010100100000000001000000000000101000001
110100000000001010100000000000000000100000000010000010000000011001010000000000000010000010000001101
100011000000100000001000100000000000010000000000000000010001000000000001000000000100000001000010001
110100000001010000001000000000010000000000101100000000000101000000000001100000000000001000000110101
110000010000001000000000001001100000000000000000000101001000000000000001100000011000000000001010001
101000100000001000000010000000100000000000000001001000100010000000100010000011000000001000000010011
110000100000100101000100000000000000000010000010110000000000000000001100000010000000000100000001001
100000000001000000000010000000100000001000000010000000000010000000000000000100000001000000000100001
100000010000001000000000000100000000110000000100000000000101000010000000000001001001100000001010011
110000000000011000000000001000010010000100000000000001001010000000100011001000010000000000000010101
110000100000000100000001011000000000001100000000010000000000001100000001000000000000000000011000011
101000001100000000010000000010000000000010000000000010000001000000000000000000000110000000000101001
100000101000000000100100000000000000000001111001101110010000000000000001010000000000000000110000111
110000001010000000100000000000000000000100000000000000100000001000000000000000010000000000101010101
111000000000010000110000000000000100001000000001000000000000000010000100100000000000000100100000011
111100010000000000001000100000000001100100100000000101000010000000001000000000100000000000000000011
100000000010000010001001010000000101000100000000000000101001000000000001000001000000011001100000001
100110100000010000000010100000000001000001000000010000000000100001000000000001000000000100000000001
100000100010010000000000000010010000000000000000000010000001010000000000010000101000000000000000011
110001110000100100000000001000000100000000010010000000000110001000000000100010000010000000000001001
110001000000001010000010000101000010000000000100000000010100000000000000010100000000000000000010011
110000000000010101000000000000001000001000000000101000001000000000000010000000000000100000000100011
100000010000000001010000000000001000000000101000000000000000000001100000000000000101000000100000001
110100000000000000001000010000100000000010000001100001000000000000010010000111000000000000000100101
111000001000000000100000000000000000000000000000000100100000000110001001100000001000101010000100001
111000000001000000000000000000010000000000000000011100000010010000000000001000000001000000010000101
110001000010100000100100000000000000010000000000010001000001000000000000010100000000000000000000001
101010000001000000000000000010011010000001010100000000010000100000001000000000000001000111000010011
100110000000010011000000100000100000001000000000000111000000010000000000001000010001010000000000011
110001001000001010001000001000001000010100000000000000001000000000000101100100000000000000000010101
100110100000111000000100000001010000000001000001000000010010010011010100000000000000010000000000101
110100000100000000010000001000110101000011000010100010110000000100111001110111100000000001011001001
110001110000001001110010110000001001100010001011000011000100001010011111110010111100111100101000111
111111111111111111111111111111111111111111111111111111111111111111111111111111111111111111111111111
Part1: 1818
